timestamp,cpu_Percent,memory,memoryPercent,networkRX,networkTX,rxTotal,txTotal
2019-02-20T10:52:11.282362588Z,175.3115487717989,3296714752,1.57856291547839,19764383337.0,62924554899.0,19764383337,62924554899
2019-02-20T10:52:11.282362588Z,175.3115487717989,3296714752,1.57856291547839,0,0,19764383337,62924554899
2019-02-20T10:52:13.275838053Z,171.0353883045563,3296714752,1.57856291547839,1244,973,19764384581,62924555872
2019-02-20T10:52:13.275838053Z,171.0353883045563,3296714752,1.57856291547839,0,0,19764384581,62924555872
2019-02-20T10:52:14.72377608Z,171.0353883045563,3296714752,1.57856291547839,0,0,19764384581,62924555872
2019-02-20T10:52:14.72377608Z,171.0353883045563,3296714752,1.57856291547839,0,0,19764384581,62924555872
2019-02-20T10:52:16.652496837Z,170.6997716045563,3296714752,1.57856291547839,0,0,19764384581,62924555872
2019-02-20T10:52:16.652496837Z,170.6997716045563,3296714752,1.57856291547839,0,0,19764384581,62924555872
2019-02-20T10:52:18.44159713Z,170.6997716045563,3296714752,1.57856291547839,84,84,19764384665,62924555956
2019-02-20T10:52:18.44159713Z,170.6997716045563,3296714752,1.57856291547839,0,0,19764384665,62924555956
2019-02-20T10:52:20.410527184Z,172.5455429295563,3296714752,1.57856291547839,20694,28626,19764405359,62924584582
2019-02-20T10:52:21.464021023Z,17.095168213333334,3296702464,1.5785570316265665,28293,38649,19764433652,62924623231
2019-02-20T10:52:22.760535693Z,15.390161540000001,3296694272,1.5785531090586842,33753,46941,19764467405,62924670172
2019-02-20T10:52:24.286795763Z,19.583559174999998,3296727040,1.5785687993302135,39066,54008,19764506471,62924724180
2019-02-20T10:52:24.286795763Z,19.583559174999998,3296727040,1.5785687993302135,0,0,19764506471,62924724180
2019-02-20T10:52:25.883949791Z,16.385442346428572,3296776192,1.578592334737508,34470,47994,19764540941,62924772174
2019-02-20T10:52:27.072627585Z,14.419372358333334,3296694272,1.5785531090586842,31686,43452,19764572627,62924815626
2019-02-20T10:52:27.072627585Z,13.097554108333334,3296923648,1.578662940959391,0,0,19764572627,62924815626
2019-02-20T10:52:28.532596609Z,13.672823925,3296923648,1.578662940959391,39498,54856,19764612125,62924870482
2019-02-20T10:52:29.571568888Z,12.91107877,3296776192,1.578592334737508,28293,38757,19764640418,62924909239
2019-02-20T10:52:30.581027634Z,18.156410075,3296800768,1.5786041024411552,26147,35926,19764666565,62924945165
2019-02-20T10:52:30.581027634Z,18.156410075,3296800768,1.5786041024411552,0,0,19764666565,62924945165
2019-02-20T10:52:32.371548059Z,18.304197825,3296645120,1.5785295736513898,39658,55879,19764706223,62925001044
2019-02-20T10:52:34.154729002Z,18.975174125,3296645120,1.5785295736513898,44931,62043,19764751154,62925063087
2019-02-20T10:52:34.154729002Z,57.140189050000004,3297071104,1.578733547181274,0,0,19764751154,62925063087
2019-02-20T10:52:35.565543206Z,14.058435386666666,3296866304,1.5786354829842142,35187,48357,19764786341,62925111444
2019-02-20T10:52:35.565543206Z,14.058435386666666,3296866304,1.5786354829842142,0,0,19764786341,62925111444
2019-02-20T10:52:37.556960715Z,14.53467962,3296743424,1.5785766444659783,27576,38190,19764813917,62925149634
2019-02-20T10:52:37.556960715Z,13.28105205,3296972800,1.5786864763666855,0,0,19764813917,62925149634
2019-02-20T10:52:39.506757891Z,15.211168675,3296833536,1.5786197927126848,50502,70054,19764864419,62925219688
2019-02-20T10:52:41.320379888Z,21.7779826,3297030144,1.5787139343418621,49881,69133,19764914300,62925288821
2019-02-20T10:52:41.320379888Z,21.7779826,3297030144,1.5787139343418621,0,0,19764914300,62925288821
2019-02-20T10:52:43.275966607Z,23.428501475,3296768000,1.5785884121696256,51273,70507,19764965573,62925359328
2019-02-20T10:52:43.275966607Z,23.428501475,3296768000,1.5785884121696256,0,0,19764965573,62925359328
2019-02-20T10:52:44.646722116Z,36.82255735,3297021952,1.5787100117739796,35931,50065,19765001504,62925409393
2019-02-20T10:52:46.075942375Z,14.037112296666667,3296788480,1.5785982185893315,35739,49487,19765037243,62925458880
2019-02-20T10:52:46.075942375Z,14.037112296666667,3296788480,1.5785982185893315,0,0,19765037243,62925458880
2019-02-20T10:52:47.415157901Z,16.577074066666665,3296727040,1.5785687993302135,28671,40392,19765065914,62925499272
2019-02-20T10:52:48.43927661Z,16.577074066666665,3296718848,1.5785648767623313,108,54,19765066022,62925499326
2019-02-20T10:52:50.03581892Z,16.577074066666665,3296718848,1.5785648767623313,0,0,19765066022,62925499326
2019-02-20T10:52:50.03581892Z,27.464419916666667,3297026048,1.5787119730579209,0,0,19765066022,62925499326
2019-02-20T10:52:51.7803076Z,12.79281980357143,3297116160,1.5787551213046271,44614,61148,19765110636,62925560474
2019-02-20T10:52:51.7803076Z,12.79281980357143,3297116160,1.5787551213046271,0,0,19765110636,62925560474
2019-02-20T10:52:53.431869774Z,13.150434175000001,3296870400,1.5786374442681554,40304,56288,19765150940,62925616762
2019-02-20T10:52:54.538161121Z,30.5399848,3296751616,1.5785805670338608,21239,30392,19765172179,62925647154
2019-02-20T10:52:55.742332896Z,30.894041775,3293204480,1.5768820951407856,31735,44456,19765203914,62925691610
2019-02-20T10:52:55.742332896Z,18.909165725,3293261824,1.5769095531159623,0,0,19765203914,62925691610
2019-02-20T10:52:57.560280398Z,17.49491337,3293163520,1.5768624823013737,42447,58769,19765246361,62925750379
2019-02-20T10:52:58.688021076Z,21.44800814,3293433856,1.5769919270414925,29940,41224,19765276301,62925791603
2019-02-20T10:52:58.688021076Z,24.28539304,3293171712,1.576866404869256,0,0,19765276301,62925791603
2019-02-20T10:53:00.576161619Z,24.524437725,3293097984,1.5768311017583145,24117,33243,19765300418,62925824846
2019-02-20T10:53:02.241785441Z,24.524437725,3293073408,1.5768193340546675,0,0,19765300418,62925824846
2019-02-20T10:53:02.241785441Z,24.524437725,3293073408,1.5768193340546675,0,0,19765300418,62925824846
2019-02-20T10:53:03.433609908Z,14.53796215,3293073408,1.5768193340546675,13830,19224,19765314248,62925844070
2019-02-20T10:53:05.096468662Z,14.53796215,3293204480,1.5768820951407856,0,0,19765314248,62925844070
2019-02-20T10:53:06.336933736Z,14.44896575,3293102080,1.5768330630422558,5637,7927,19765319885,62925851997
2019-02-20T10:53:06.336933736Z,14.44896575,3293282304,1.5769193595356683,0,0,19765319885,62925851997
2019-02-20T10:53:08.060675499Z,13.57706653,3293143040,1.5768526758816677,38103,54203,19765357988,62925906200
2019-02-20T10:53:08.060675499Z,13.57706653,3293143040,1.5768526758816677,0,0,19765357988,62925906200
2019-02-20T10:53:09.955212799Z,30.09524463,3293667328,1.5771037202261406,52422,71892,19765410410,62925978092
2019-02-20T10:53:09.955212799Z,18.37273288,3293224960,1.5768919015604916,0,0,19765410410,62925978092
2019-02-20T10:53:11.430491098Z,15.967136671428571,3293224960,1.5768919015604916,37200,51822,19765447610,62926029914
2019-02-20T10:53:12.681218925Z,16.902193840000002,3293274112,1.576915436967786,34038,46510,19765481648,62926076424
2019-02-20T10:53:14.233951745Z,15.503090506666668,3293274112,1.576915436967786,35619,49259,19765517267,62926125683
2019-02-20T10:53:14.233951745Z,14.212370366666667,3293437952,1.5769938883254337,0,0,19765517267,62926125683
2019-02-20T10:53:15.962732432Z,38.04584478333334,3293200384,1.5768801338568443,39444,55991,19765556711,62926181674
2019-02-20T10:53:15.962732432Z,38.04584478333334,3293200384,1.5768801338568443,0,0,19765556711,62926181674
2019-02-20T10:53:17.44604333Z,22.899945933333335,3293265920,1.5769115143999035,39066,53822,19765595777,62926235496
2019-02-20T10:53:19.063995267Z,18.2172214,3293372416,1.5769625077823746,31740,45134,19765627517,62926280630
2019-02-20T10:53:20.212322954Z,16.716007808333334,3293454336,1.5770017334611985,30689,42246,19765658206,62926322876
2019-02-20T10:53:20.212322954Z,16.716007808333334,3293454336,1.5770017334611985,0,0,19765658206,62926322876
2019-02-20T10:53:21.86168917Z,20.250359833333334,3293405184,1.5769781980539042,44374,61899,19765702580,62926384775
2019-02-20T10:53:22.947545607Z,19.658131166666667,3293405184,1.5769781980539042,23697,32395,19765726277,62926417170
2019-02-20T10:53:24.129874037Z,20.228647483333333,3293257728,1.5769075918320212,32604,45412,19765758881,62926462582
2019-02-20T10:53:25.257135201Z,13.377770425,3293380608,1.576966430350257,25320,35054,19765784201,62926497636
2019-02-20T10:53:25.257135201Z,13.87549815,3293470720,1.5770095785969633,0,0,19765784201,62926497636
2019-02-20T10:53:27.08039063Z,13.270149525,3293470720,1.5770095785969633,48432,67369,19765832633,62926565005
2019-02-20T10:53:27.08039063Z,20.88422436666667,3293347840,1.5769507400787275,0,0,19765832633,62926565005
2019-02-20T10:53:28.444514369Z,15.74683482,3293372416,1.5769625077823746,32064,44390,19765864697,62926609395
2019-02-20T10:53:29.718232766Z,16.145408,3293290496,1.5769232821035508,32835,44927,19765897532,62926654322
2019-02-20T10:53:30.971073244Z,18.546311324999998,3293323264,1.5769389723750802,23400,32694,19765920932,62926687016
2019-02-20T10:53:32.334523967Z,18.546311324999998,3293208576,1.5768840564247268,0,0,19765920932,62926687016
2019-02-20T10:53:32.334523967Z,18.546311324999998,3293208576,1.5768840564247268,0,0,19765920932,62926687016
2019-02-20T10:53:33.661080273Z,18.546311324999998,3293192192,1.576876211288962,1161,1715,19765922093,62926688731
2019-02-20T10:53:33.661080273Z,18.546311324999998,3293192192,1.576876211288962,0,0,19765922093,62926688731
2019-02-20T10:53:35.585516211Z,15.65396294,3293306880,1.5769311272393156,47229,66026,19765969322,62926754757
2019-02-20T10:53:36.816772554Z,7.532062100000001,3293224960,1.5768919015604916,1149,1781,19765970471,62926756538
2019-02-20T10:53:38.019200081Z,18.7060153,3293544448,1.5770448817079048,13734,19182,19765984205,62926775720
2019-02-20T10:53:38.019200081Z,18.7060153,3293224960,1.5768919015604916,0,0,19765984205,62926775720
2019-02-20T10:53:39.66112391Z,15.5133297,3293224960,1.5768919015604916,6948,10261,19765991153,62926785981
2019-02-20T10:53:40.786939237Z,15.5133297,3293224960,1.5768919015604916,0,0,19765991153,62926785981
2019-02-20T10:53:40.786939237Z,15.5133297,3293536256,1.5770409591400225,0,0,19765991153,62926785981
2019-02-20T10:53:42.518162581Z,19.972625408333332,3293515776,1.5770311527203165,27534,38472,19766018687,62926824453
2019-02-20T10:53:44.23471106Z,20.004146675,3293515776,1.5770311527203165,44523,61946,19766063210,62926886399
2019-02-20T10:53:44.23471106Z,13.311108775000001,3293376512,1.5769644690663158,0,0,19766063210,62926886399
2019-02-20T10:53:46.089112259Z,11.120341086111111,3293401088,1.576976236769963,45255,64483,19766108465,62926950882
2019-02-20T10:53:46.089112259Z,10.56192591111111,3293294592,1.5769252433874918,0,0,19766108465,62926950882
2019-02-20T10:53:47.628803352Z,16.487114333333334,3293261824,1.5769095531159623,26469,36847,19766134934,62926987729
2019-02-20T10:53:49.298508469Z,16.682760870833334,3291160576,1.575903414454129,41364,57252,19766176298,62927044981
2019-02-20T10:53:49.298508469Z,13.657889066071428,3291258880,1.5759504852687178,0,0,19766176298,62927044981
2019-02-20T10:53:50.869756743Z,13.92586027857143,3291258880,1.5759504852687178,39569,55084,19766215867,62927100065
2019-02-20T10:53:51.900959622Z,12.575596491666666,3291287552,1.5759642142563062,25990,36444,19766241857,62927136509
2019-02-20T10:53:52.981771131Z,18.621814699999998,3291267072,1.5759544078366001,28725,39575,19766270582,62927176084
2019-02-20T10:53:52.981771131Z,18.621814699999998,3291267072,1.5759544078366001,0,0,19766270582,62927176084
2019-02-20T10:53:54.651193141Z,17.388485583333335,3291234304,1.5759387175650705,17952,24678,19766288534,62927200762
2019-02-20T10:53:54.651193141Z,17.388485583333335,3291234304,1.5759387175650705,0,0,19766288534,62927200762
2019-02-20T10:53:56.393307853Z,16.761901285714288,3291488256,1.5760603171694247,38229,53579,19766326763,62927254341
2019-02-20T10:53:58.128700098Z,19.276370016666668,3291283456,1.575962252972365,38754,53989,19766365517,62927308330
2019-02-20T10:53:58.128700098Z,19.276370016666668,3291283456,1.575962252972365,0,0,19766365517,62927308330
2019-02-20T10:53:59.517324842Z,14.990302391666667,3291250688,1.5759465627008353,39378,54736,19766404895,62927363066
2019-02-20T10:53:59.517324842Z,21.387933975,3291242496,1.575942640132953,0,0,19766404895,62927363066
2019-02-20T10:54:01.444002532Z,21.97389071,3291242496,1.575942640132953,48486,66834,19766453381,62927429900
2019-02-20T10:54:03.025577561Z,16.072177645,3291258880,1.5759504852687178,35511,49379,19766488892,62927479279
2019-02-20T10:54:03.025577561Z,16.072177645,3291258880,1.5759504852687178,0,0,19766488892,62927479279
2019-02-20T10:54:04.484921358Z,17.4763916,3291258880,1.5759504852687178,31944,45285,19766520836,62927524564
2019-02-20T10:54:06.140490323Z,12.490222797619047,3291488256,1.5760603171694247,43350,59564,19766564186,62927584128
2019-02-20T10:54:07.293613724Z,17.532641983333335,3291488256,1.5760603171694247,16506,23196,19766580692,62927607324
2019-02-20T10:54:07.293613724Z,39.0774682,3291226112,1.5759347949971882,0,0,19766580692,62927607324
2019-02-20T10:54:08.635614611Z,39.0774682,3291226112,1.5759347949971882,0,0,19766580692,62927607324
2019-02-20T10:54:08.635614611Z,39.0774682,3291226112,1.5759347949971882,0,0,19766580692,62927607324
2019-02-20T10:54:10.440606781Z,42.21682045,3291676672,1.5761505362307198,19155,26159,19766599847,62927633483
2019-02-20T10:54:12.240677128Z,16.763706199999998,3291521024,1.5760760074409543,48636,67682,19766648483,62927701165
2019-02-20T10:54:12.240677128Z,19.504701,3291504640,1.5760681623051895,0,0,19766648483,62927701165
2019-02-20T10:54:14.028711377Z,19.011974116666668,3291504640,1.5760681623051895,47838,66377,19766696321,62927767542
2019-02-20T10:54:14.028711377Z,14.494085276666667,3291348992,1.575993633515424,0,0,19766696321,62927767542
2019-02-20T10:54:15.622818116Z,14.695857710000002,3291385856,1.576011285070895,15261,21757,19766711582,62927789299
2019-02-20T10:54:15.622818116Z,20.389093716666668,3291648000,1.5761368072431314,0,0,19766711582,62927789299
2019-02-20T10:54:17.600619871Z,16.232568225,3291312128,1.5759759819599533,43662,62148,19766755244,62927851447
2019-02-20T10:54:20.215314823Z,15.167770350000001,3291312128,1.5759759819599533,18438,27268,19766773682,62927878715
2019-02-20T10:54:20.215314823Z,15.167770350000001,3291262976,1.575952446552659,0,0,19766773682,62927878715
2019-02-20T10:54:21.570107425Z,15.167770350000001,3291262976,1.575952446552659,11885,16911,19766785567,62927895626
2019-02-20T10:54:21.570107425Z,21.02946995,3291377664,1.5760073625030124,0,0,19766785567,62927895626
2019-02-20T10:54:23.54629534Z,25.66228748,3291361280,1.5759995173672476,74302,103393,19766859869,62927999019
2019-02-20T10:54:24.937468444Z,13.490032205,3291639808,1.576132884675249,25941,35831,19766885810,62928034850
2019-02-20T10:54:24.937468444Z,13.490032205,3291639808,1.576132884675249,0,0,19766885810,62928034850
2019-02-20T10:54:26.385661363Z,20.138736275,3291639808,1.576132884675249,33753,47391,19766919563,62928082241
2019-02-20T10:54:27.536457505Z,21.2437845,3291639808,1.576132884675249,29874,41212,19766949437,62928123453
2019-02-20T10:54:29.182237824Z,18.13243211111111,3291410432,1.576023052774542,44379,60811,19766993816,62928184264
2019-02-20T10:54:29.182237824Z,21.584436344444445,3291394048,1.5760152076387772,0,0,19766993816,62928184264
2019-02-20T10:54:30.369310465Z,23.182903008333334,3291394048,1.5760152076387772,30306,42138,19767024122,62928226402
2019-02-20T10:54:31.826015394Z,17.251576866666667,3291680768,1.576152497514661,62034,86635,19767086156,62928313037
2019-02-20T10:54:31.826015394Z,13.315788000000001,3291631616,1.5761289621073666,0,0,19767086156,62928313037
2019-02-20T10:54:33.811221931Z,16.64363317,3288260608,1.5745148254237629,54720,75136,19767140876,62928388173
2019-02-20T10:54:35.298814326Z,12.001175,3288375296,1.5745697413741162,45123,62861,19767185999,62928451034
2019-02-20T10:54:35.298814326Z,12.001175,3288375296,1.5745697413741162,0,0,19767185999,62928451034
2019-02-20T10:54:36.681436417Z,20.521584925,3288227840,1.5744991351522333,64901,89302,19767250900,62928540336
2019-02-20T10:54:36.681436417Z,20.521584925,3288227840,1.5744991351522333,0,0,19767250900,62928540336
2019-02-20T10:54:38.428941457Z,19.914079125,3288489984,1.5746246573244698,62584,88398,19767313484,62928628734
2019-02-20T10:54:40.062784279Z,9.1853631,3288203264,1.574487367448586,19742,26620,19767333226,62928655354
2019-02-20T10:54:40.062784279Z,22.161417933333336,3288227840,1.5744991351522333,0,0,19767333226,62928655354
2019-02-20T10:54:41.447464021Z,15.767416025,3288498176,1.574628579892352,37539,51367,19767370765,62928706721
2019-02-20T10:54:42.713852328Z,13.379780946428571,3288498176,1.574628579892352,31023,42981,19767401788,62928749702
2019-02-20T10:54:43.771406357Z,15.437261033333334,3288653824,1.5747031086821175,26229,36096,19767428017,62928785798
2019-02-20T10:54:45.2206849Z,13.372932519999999,3288256512,1.5745128641398216,29409,40934,19767457426,62928826732
2019-02-20T10:54:45.2206849Z,13.372932519999999,3288256512,1.5745128641398216,0,0,19767457426,62928826732
2019-02-20T10:54:46.905583187Z,28.08214595,3288305664,1.574536399547116,27036,37198,19767484462,62928863930
2019-02-20T10:54:48.212041588Z,14.22968265,3288371200,1.5745677800901752,34536,48307,19767518998,62928912237
2019-02-20T10:54:48.212041588Z,14.22968265,3288371200,1.5745677800901752,0,0,19767518998,62928912237
2019-02-20T10:54:49.633238835Z,17.505658359999998,3288354816,1.5745599349544104,35619,49259,19767554617,62928961496
2019-02-20T10:54:50.750235837Z,18.68910156,3288354816,1.5745599349544104,29223,41480,19767583840,62929002976
2019-02-20T10:54:50.750235837Z,15.201504316666668,3288584192,1.5746697668551173,0,0,19767583840,62929002976
2019-02-20T10:54:52.415579838Z,19.16957110555556,3288264704,1.574516786707704,43488,60286,19767627328,62929063262
2019-02-20T10:54:53.974637504Z,19.16957110555556,3288256512,1.5745128641398216,216,859,19767627544,62929064121
2019-02-20T10:54:53.974637504Z,19.16957110555556,3288256512,1.5745128641398216,0,0,19767627544,62929064121
2019-02-20T10:54:55.592015015Z,29.4325688,3288449024,1.574605044485058,5637,7927,19767633181,62929072048
2019-02-20T10:54:57.005053559Z,29.585776825,3288449024,1.574605044485058,32292,45471,19767665473,62929117519
2019-02-20T10:54:57.005053559Z,20.830246491666667,3288612864,1.5746834958427056,0,0,19767665473,62929117519
2019-02-20T10:54:58.81154656Z,21.220519666666668,3288612864,1.5746834958427056,48258,66648,19767713731,62929184167
2019-02-20T10:54:58.81154656Z,17.99007962,3288629248,1.5746913409784704,0,0,19767713731,62929184167
2019-02-20T10:55:00.526833199Z,17.89159291111111,3288457216,1.5746089670529402,45540,63211,19767759271,62929247378
2019-02-20T10:55:00.526833199Z,14.369888227777778,3288629248,1.5746913409784704,0,0,19767759271,62929247378
2019-02-20T10:55:02.438043496Z,14.93901235,3288629248,1.5746913409784704,42891,59977,19767802162,62929307355
2019-02-20T10:55:04.333360199Z,21.220374399999997,3288449024,1.574605044485058,28671,39827,19767830833,62929347182
2019-02-20T10:55:04.333360199Z,13.7904063,3288596480,1.5746756507069408,0,0,19767830833,62929347182
2019-02-20T10:55:05.718557352Z,13.00611188,3288637440,1.5746952635463527,29700,41170,19767860533,62929388352
2019-02-20T10:55:05.718557352Z,12.713640651428571,3288449024,1.574605044485058,0,0,19767860533,62929388352
2019-02-20T10:55:07.454545567Z,37.044529716666666,3288457216,1.5746089670529402,46743,64337,19767907276,62929452689
2019-02-20T10:55:08.597853057Z,36.10258504,3288457216,1.5746089670529402,31389,43817,19767938665,62929496506
2019-02-20T10:55:08.597853057Z,13.909585889999999,3288424448,1.5745932767814106,0,0,19767938665,62929496506
2019-02-20T10:55:10.519092675Z,31.111480935714283,3288457216,1.5746089670529402,52920,73124,19767991585,62929569630
2019-02-20T10:55:10.519092675Z,21.608250485714287,3288514560,1.5746364250281168,0,0,19767991585,62929569630
2019-02-20T10:55:24.953461054Z,16.372820555555556,3286495232,1.5736695120451076,222840,309155,19768214425,62929878785
2019-02-20T10:55:24.953461054Z,16.372820555555556,3286495232,1.5736695120451076,0,0,19768214425,62929878785
2019-02-20T10:55:24.953461054Z,16.372820555555556,3286495232,1.5736695120451076,0,0,19768214425,62929878785
